atom_name	x	y	z
atom1	35.947	-54.045	75.418
atom2	36.467	-53.041	74.451
atom3	35.359	-52.008	74.353
atom4	34.201	-52.379	74.289
atom5	36.697	-53.726	73.106
atom6	37.76	-53.079	72.229
atom7	37.922	-53.817	70.579
atom8	39.53	-54.435	70.646
atom9	40.052	-39.351	77.35
atom10	40.814	-38.861	76.232
atom11	41.132	-37.412	76.483
atom12	40.258	-36.556	76.441
atom13	71.237	-32.375	56.757
atom14	71.107	-31.403	56.019
atom15	72.324	-32.339	59.041
atom16	72.33	-31.678	60.451
atom17	72.205	-30.119	60.436
atom18	72.869	-29.438	59.649